-2.600744557101580257e-01 -3.097934167598564437e-01 9.145432282944960800e-01
-7.757788423927679533e-01 -1.216176173268455341e-01 -6.191739197119643379e-01
3.387611520482218530e-02 4.677034582118112516e-01 -8.832360296066630312e-01
7.426762032146643211e-01 5.849358823163067767e-01 3.260093108447885690e-01
7.918936538142898884e-01 -6.010281144929930930e-01 -1.080261386778731264e-01
-8.441992767488861737e-01 -2.416737657700844810e-01 4.784572834383060691e-01
-6.570833373520612586e-01 -3.769190761257226185e-01 -6.528196518387054947e-01
-7.830328422901573493e-01 -6.218696846052955696e-01 -1.173299893070721932e-02
-5.546295568494717942e-01 1.163632599999248618e-01 8.239208981395896858e-01
6.327447760315413339e-01 -1.635791372840896540e-01 -7.568856678853072006e-01
-6.808535645153103166e-01 -7.216794756755878781e-01 1.249686283649015933e-01
-8.008102034133774971e-01 4.333574509843721168e-01 -4.134057786066281381e-01
-3.020198626524715491e-01 9.437170480262224714e-01 1.348411503512729481e-01
1.328249022107785837e-01 -1.770487512418028875e-01 9.751980747706668895e-01
6.128324398469445766e-01 -6.942816118168994022e-01 -3.773717585672903274e-01
-9.436494390177201375e-01 -3.220066102545180997e-01 -7.640339779052164604e-02
-7.759634485976056872e-01 3.158117182094912212e-01 -5.460253520506896940e-01
-8.648086923511645319e-01 -1.924454753703526977e-01 -4.637571181592234915e-01
-8.296822782264703378e-01 -4.780547326029599975e-01 2.882550777225724725e-01
6.018458446613370594e-01 7.251902515510660896e-01 -3.344856922488361750e-01
-7.256723626972770846e-01 -6.709344764993798726e-01 1.524681942631140874e-01
-8.871573196248205839e-01 4.497257718825436457e-01 1.034341352782248147e-01
-2.210235183799748038e-01 6.790829417024061287e-01 6.999964018562833123e-01
1.924880432555527987e-01 -6.874669216230233637e-01 7.002410905379748973e-01
-4.540410119633091213e-02 -8.629127849239659476e-01 -5.033090434408253877e-01
-9.329672596501111803e-01 -3.035623601950064310e-01 1.934476308818464385e-01
-9.512846167632965644e-01 3.051260145717551997e-01 -4.422321947874251896e-02
-9.890821742962201402e-01 -1.204872249818536578e-01 -8.484857751096179512e-02
-7.717392850828492801e-01 -5.021465958843229771e-01 3.902143924839253097e-01
7.821283241303186307e-01 3.351149321564242389e-01 -5.253315779951690523e-01
-4.215369553391276614e-01 -6.949895003198572896e-01 5.824913645098727111e-01
-5.375058051215736432e-01 2.563567936753364251e-01 8.033484323735933241e-01
6.478871060310468222e-01 -8.494302284080912369e-02 7.569854560752014017e-01
3.264347448613150737e-01 -9.209695921790529427e-01 2.127330901126500418e-01
-4.764822760986313077e-01 -8.665934568056848919e-01 -1.482579548808131975e-01
-4.771781417804777936e-01 -4.189798139259381937e-01 7.725004443555464340e-01
-7.244483969265365086e-01 -1.795847112695399261e-02 6.890950685539358744e-01
-7.052283436064545885e-01 -2.798100221245380936e-01 6.514286874960004692e-01
-2.555259345500915935e-01 -5.446347353342830822e-01 7.987987868291098748e-01
-2.813210809954078129e-01 -8.512832802108351027e-01 -4.429167260570049947e-01
8.553264410896510572e-02 -7.442742669400482791e-01 6.623745031042354015e-01
9.525896842305391077e-02 -2.894097787541452527e-01 9.524535205963869933e-01
-3.983329275519291446e-02 -9.908882825811341499e-01 1.286612615812925964e-01
5.117621372405373181e-02 -9.966087135467008862e-01 6.443653646542517321e-02
-4.111322993222983890e-01 -8.225482239028225617e-01 3.929181235426433827e-01
1.846145898554521492e-01 -5.955013334818379800e-01 7.818539601702200192e-01
-1.186249397642594600e-01 -4.908756288736225715e-01 8.631160064810819987e-01
-2.452400900956877225e-02 -5.057262745919898217e-01 8.623453531905913572e-01
3.751359073600109562e-01 -6.489915404712209845e-01 6.618784113460515206e-01
-4.978927223975286309e-01 -8.401678412062660861e-01 2.149903150990294387e-01
